OTU	barcode01_task1_0.1_uniq.report	barcode02_task2_0.1_uniq.report	barcode03_task3_0.1_uniq.report	barcode04_task4_0.1_uniq.report	barcode05_task5_0.1_uniq.report	barcode06_task6_0.1_uniq.report	barcode07_task7_0.1_uniq.report	barcode08_task8_0.1_uniq.report	barcode09_task9_0.1_uniq.report	barcode10_task10_0.1_uniq.report	barcode11_task11_0.1_uniq.report	barcode12_task12_0.1_uniq.report	barcode13_task13_0.1_uniq.report	barcode14_task14_0.1_uniq.report	barcode15_task15_0.1_uniq.report	barcode16_task16_0.1_uniq.report	barcode17_task17_0.1_uniq.report	barcode18_task18_0.1_uniq.report	barcode19_task19_0.1_uniq.report	barcode20_task20_0.1_uniq.report	barcode21_task21_0.1_uniq.report	barcode22_task22_0.1_uniq.report	barcode23_task23_0.1_uniq.report	barcode24_task24_0.1_uniq.report
OTU1	217	173	227	66	116	166	78	193	138	99	190	119	189	104	129	133	53	164	139	224	131	167	1	1
OTU2	240	193	443	78	158	273	118	276	262	98	259	203	227	137	216	158	79	226	195	373	198	215	0	1
OTU3	127	85	208	56	67	136	47	138	126	45	119	99	111	50	102	69	30	97	111	177	99	101	0	1
OTU4	255	175	558	84	159	280	90	390	341	109	273	258	229	124	250	125	71	202	230	381	215	225	1	1
OTU5	3	1	2	1	0	1	1	1	2	1	0	2	1	1	1	0	0	0	1	1	1	0	0	0
OTU6	196	161	208	84	110	175	69	174	136	72	166	114	143	80	94	104	49	136	141	230	104	154	0	2
OTU7	8	4	8	3	4	7	5	13	6	9	9	5	5	2	5	5	5	8	5	7	5	5	0	0
OTU8	255	154	410	58	155	358	195	333	176	326	416	185	260	152	324	409	112	269	206	312	181	253	2	3
OTU9	1	8	1	0	0	0	0	0	0	0	0	0	1	0	0	0	0	0	0	0	0	0	0	0
OTU10	3	2	1	1	0	1	0	1	1	0	1	0	0	1	1	2	0	2	0	4	2	0	0	0
OTU11	2	1	1	3	0	1	0	1	3	1	4	0	1	1	0	2	0	2	2	2	0	0	0	0
OTU12	1	0	0	0	0	0	1	0	0	0	1	0	0	0	0	0	0	1	0	2	0	1	0	0
OTU13	13	14	29	1	11	143	10	18	39	33	26	18	10	11	30	11	7	34	14	36	27	26	0	0
OTU14	1	0	0	0	0	0	0	0	0	0	0	0	0	0	0	1	0	1	0	0	0	0	0	0
OTU15	3	0	0	0	1	2	0	0	1	0	0	0	0	0	0	0	0	0	0	3	1	0	0	0
OTU16	2	5	4	4	1	5	1	1	6	0	1	3	2	0	3	2	3	4	4	3	5	3	0	0
OTU17	1	0	0	0	2	1	0	0	0	2	0	1	1	0	0	1	0	1	0	0	1	1	0	0
OTU18	1	0	0	0	0	0	0	0	0	0	0	0	0	0	0	0	0	0	0	0	0	0	0	0
OTU19	12	16	6	1	1	3	2	8	2	3	3	1	3	2	3	3	1	5	2	8	2	5	0	0
OTU20	27	23	25	5	8	22	11	13	13	9	10	8	7	1	11	17	11	17	19	17	13	21	0	0
OTU21	13	7	6	0	0	1	1	3	5	2	0	1	2	1	6	2	1	0	0	2	1	4	0	0
OTU22	1	0	2	0	0	2	0	0	1	0	0	1	0	0	1	0	0	0	1	3	2	2	0	0
OTU23	5	0	1	0	0	1	0	19	996	4	5	1	2	0	0	0	0	1	1	1	1	1	0	0
OTU24	1	0	0	0	0	0	0	2	26	0	0	0	0	1	0	0	1	1	0	0	0	0	0	0
OTU25	3	0	2	7	2	3	1	2	5	0	1	5	2	0	3	1	1	1	4	4	10	4	0	0
OTU26	1	0	0	0	0	0	0	0	0	0	0	0	0	0	0	1	0	0	0	1	1	1	0	0
OTU27	1	0	0	0	0	0	0	0	1	0	0	0	1	0	0	0	0	0	0	1	1	0	0	0
OTU28	2	0	0	2	2	6	0	0	3	0	2	0	1	0	1	0	0	0	1	2	2	16	0	0
OTU29	9	7	8	0	2	5	1	6	1	0	0	4	3	1	1	0	1	1	3	10	6	1	0	0
OTU30	1	0	2	0	0	0	2	1	1	0	0	0	1	0	0	0	0	0	0	0	0	0	0	0
OTU31	1	1	0	0	0	1	1	0	1	0	0	0	0	0	0	0	0	0	0	0	0	0	0	0
OTU32	1	3	0	0	0	0	1	1	1	0	1	0	0	0	0	0	1	0	0	0	1	6	0	0
OTU33	1	0	0	0	0	0	0	0	0	0	0	0	0	1	0	0	0	0	0	1	0	0	0	0
OTU34	2	0	2	0	2	2	3	2	0	0	1	2	2	3	1	3	0	3	0	3	2	0	0	0
OTU35	5	4	2	2	4	29	1	7	18	3	1	12	0	0	13	6	0	7	4	5	6	5	0	0
OTU36	1	0	0	0	0	1	0	1	0	1	0	1	0	0	1	0	0	0	0	0	0	0	0	0
OTU37	3	2	0	0	0	0	1	0	1	0	0	0	0	0	0	0	0	0	0	0	0	0	0	0
OTU38	1	1	5	0	2	1	1	3	0	1	0	1	0	2	2	0	1	6	3	0	0	1	0	0
OTU39	2	1	9	1	5	1	3	4	1	7	6	2	2	4	3	9	3	7	2	4	1	3	0	0
OTU40	1	0	0	0	0	0	0	0	0	0	0	0	0	0	0	0	0	0	0	0	0	0	0	0
OTU41	1	0	2	0	1	1	1	0	0	0	0	1	0	1	0	2	0	2	0	0	2	0	0	0
OTU42	1	0	1	0	0	2	0	0	0	0	0	0	1	0	60	0	0	5	0	0	0	3	0	0
OTU43	1	0	1	0	1	0	0	0	0	0	0	0	0	0	0	0	0	0	0	0	0	0	0	0
OTU44	1	0	1	0	0	0	0	0	0	0	0	0	0	0	0	0	0	1	0	0	0	0	0	0
OTU45	3	1	5	2	1	5	5	4	4	4	2	2	3	1	2	2	0	3	2	9	4	5	0	0
OTU46	24	20	18	1	8	42	3	17	13	13	13	15	15	8	25	14	2	21	6	18	10	21	0	0
OTU47	2	0	0	0	0	1	0	0	0	0	0	0	0	0	0	0	0	0	0	1	0	1	0	0
OTU48	1	0	0	0	0	0	0	0	0	0	0	0	0	0	0	0	0	0	1	0	0	0	0	0
OTU49	1	0	1	0	0	1	0	1	0	0	1	0	0	1	0	0	0	1	0	1	3	0	0	0
OTU50	1	0	0	0	0	1	0	1	0	1	0	0	0	0	0	1	0	1	0	0	0	0	0	0
OTU51	2	1	1	0	0	4	19	4	0	0	1	5	3	0	1	0	0	2	6	6	2	5	0	0
OTU52	1	0	0	0	0	0	0	0	0	0	0	0	0	0	0	0	0	0	0	0	0	0	0	0
OTU53	23	17	19	8	15	21	7	24	17	4	17	12	16	11	6	10	5	20	15	17	9	17	0	0
OTU54	2	0	0	0	0	0	0	0	0	0	0	0	0	0	0	0	0	0	1	0	0	0	0	0
OTU55	16	25	19	5	11	40	10	27	27	16	23	20	5	8	15	40	7	11	15	22	7	14	0	0
OTU56	1	0	0	0	1	0	0	0	0	0	0	0	0	0	0	0	0	0	0	0	0	0	0	0
OTU57	1	1	4	2	2	2	3	3	1	2	4	0	2	1	0	0	0	1	2	0	0	3	0	0
OTU58	3	2	0	0	0	0	0	0	0	0	0	0	0	0	0	0	0	0	0	0	0	0	0	0
OTU59	1	0	0	0	0	0	0	0	0	0	0	0	0	0	0	0	0	1	0	0	0	0	0	0
OTU60	1	0	0	0	0	0	0	0	0	0	0	0	0	0	0	0	0	0	0	0	0	0	0	0
OTU61	1	0	0	0	0	1	3	4	0	1	0	0	1	0	0	0	0	1	0	0	2	0	0	0
OTU62	1	0	0	0	0	0	0	0	0	0	0	0	0	0	0	0	0	0	0	0	0	0	0	0
OTU63	1	1	1	0	0	0	0	0	0	1	3	1	0	0	8	0	0	0	2	2	7	1	0	0
OTU64	5	2	0	0	0	0	0	0	0	2	2	0	3	5	3	0	2	0	2	3	2	3	0	0
OTU65	6	2	1	0	1	2	0	0	1	1	0	0	3	0	0	0	0	0	1	1	0	0	0	0
OTU66	2	2	1	0	0	1	0	0	0	0	0	0	1	1	0	1	2	3	5	1	3	2	0	0
OTU67	1	0	0	0	0	0	0	0	0	0	0	0	0	0	0	0	0	1	0	0	0	0	0	0
OTU68	1	1	0	0	0	0	0	0	0	0	0	0	0	0	0	1	0	1	0	0	1	0	0	0
OTU69	4	2	9	1	2	6	1	6	14	0	4	0	0	3	0	0	0	0	1	9	1	43	0	0
OTU70	2	0	1	0	0	1	0	0	0	0	0	0	0	0	0	0	0	0	0	0	0	0	0	0
OTU71	1	0	0	0	0	0	0	0	0	0	0	0	0	0	0	0	0	0	0	0	0	0	0	0
OTU72	1	0	0	0	0	0	0	0	0	0	0	0	0	0	0	0	0	0	0	0	0	0	0	0
OTU73	2	0	0	1	0	1	1	0	0	0	0	0	0	3	1	0	0	0	0	0	6	1	0	0
OTU74	1	1	0	0	0	0	0	0	1	1	0	0	0	0	0	1	0	0	0	0	0	0	0	0
OTU75	1	0	0	0	0	0	0	0	0	0	0	0	0	0	0	0	1	3	1	0	2	0	0	0
OTU76	11	7	5	0	3	19	1	4	6	2	3	4	2	2	2	2	0	4	1	6	7	1	0	0
OTU77	1	1	3	0	2	5	0	2	2	0	0	0	1	1	0	1	1	3	1	1	0	2	1	0
OTU78	4	2	4	1	0	1	1	3	3	1	4	2	1	2	2	1	0	2	1	2	1	3	0	0
OTU79	3	2	9	0	3	7	2	3	3	4	2	3	8	6	2	2	0	3	0	6	3	5	0	0
OTU80	22	8	12	3	15	10	26	33	8	11	28	10	35	11	8	11	5	5	27	45	18	18	0	0
OTU81	1	0	0	0	0	0	0	0	0	0	0	0	0	0	0	0	0	0	0	0	0	0	0	0
OTU82	3	1	3	0	0	0	0	1	0	0	1	0	3	0	2	0	0	2	4	1	4	2	0	0
OTU83	2	3	1	0	0	0	1	1	1	0	0	0	2	1	0	6	2	1	7	4	2	2	0	0
OTU84	5	2	2	0	0	2	0	4	0	1	0	0	3	1	3	0	4	8	5	3	2	1	0	0
OTU85	4	5	4	2	1	3	2	6	2	0	2	4	1	0	2	1	2	6	0	5	2	3	0	0
OTU86	1	0	2	0	0	2	0	0	0	0	1	0	0	0	1	0	0	1	1	1	1	0	0	0
OTU87	1	0	1	0	0	0	0	0	1	0	0	0	0	0	1	0	1	4	0	1	0	1	0	0
OTU88	3	2	6	1	2	6	2	2	1	0	3	1	1	1	3	0	0	0	0	0	1	1	0	0
OTU89	3	0	2	0	0	1	0	0	1	0	0	0	0	1	0	0	0	0	0	0	2	5	0	0
OTU90	1	2	10	1	0	1	0	0	1	0	0	0	2	0	0	1	1	0	0	2	3	0	0	0
OTU91	24	10	22	11	12	5	5	26	6	41	11	1	23	13	12	10	2	1	23	8	18	15	0	0
OTU92	3	3	9	3	2	3	1	4	2	12	3	0	5	5	3	1	1	0	5	4	8	4	0	0
OTU93	6	2	0	1	3	2	0	0	0	3	2	0	1	3	1	2	0	0	3	1	3	0	0	0
OTU94	1	1	0	0	0	0	0	0	1	0	0	0	0	0	0	0	0	0	0	0	0	0	0	0
OTU95	7	6	11	0	0	3	2	1	5	5	6	0	2	0	0	5	0	0	2	1	3	3	0	0
OTU96	1	0	0	0	0	0	0	0	0	0	1	0	0	0	0	1	0	0	0	0	0	0	0	0
OTU97	1	0	0	0	0	0	0	0	0	0	0	0	0	0	0	0	0	0	0	0	0	0	0	0
OTU98	1	0	0	0	0	0	0	0	1	0	0	0	1	1	0	0	0	1	3	0	1	0	0	0
OTU99	1	0	0	0	0	0	0	0	0	0	0	0	0	0	0	0	0	0	0	0	0	0	0	0
OTU100	1	0	1	0	0	2	0	2	0	0	0	0	0	0	1	1	0	1	0	0	0	1	0	0
OTU101	2	3	4	0	0	5	1	3	3	3	1	5	0	1	1	1	1	3	3	3	2	2	0	0
OTU102	21	25	28	3	11	43	7	14	14	7	14	14	17	9	8	19	4	25	17	18	11	24	1	0
OTU103	7	11	12	3	3	11	2	2	4	0	9	2	4	2	2	2	1	2	12	4	7	12	0	1
OTU104	1	0	0	0	0	0	0	0	0	1	0	0	0	0	0	0	0	0	0	1	0	0	0	0
OTU105	1	0	0	0	0	0	0	0	0	0	0	0	0	0	0	0	0	0	0	0	0	0	0	0
OTU106	2	1	2	1	3	4	2	1	4	4	3	1	1	0	2	3	1	3	4	4	0	4	0	0
OTU107	1	0	1	1	1	0	1	1	0	0	0	0	1	0	0	0	0	0	0	0	1	1	0	0
OTU108	2	0	0	0	0	0	0	0	0	0	0	0	0	0	0	0	0	0	0	0	0	1	0	0
OTU109	2	0	9	0	9	16	7	9	6	3	12	26	3	9	11	16	2	6	4	13	9	21	1	0
OTU110	2	0	0	0	0	2	2	0	0	0	1	0	0	1	0	0	0	1	0	1	0	1	0	0
OTU111	1	0	1	1	1	2	1	2	1	0	0	2	0	2	24	2	0	2	3	2	1	1	0	0
OTU112	1	0	1	0	0	0	0	0	0	0	0	0	0	0	0	0	0	0	0	0	0	0	0	0
OTU113	26	20	23	7	20	14	13	12	7	12	25	15	16	10	11	24	7	18	19	29	11	19	0	0
OTU114	18	14	15	6	12	29	3	20	16	16	23	14	8	4	24	10	5	9	18	26	10	23	0	0
OTU115	6	4	7	1	1	58	3	10	27	6	3	30	6	1	11	1	1	5	3	7	6	2	0	0
OTU116	2	3	3	0	1	3	0	3	2	2	0	1	2	0	1	1	0	1	2	2	1	2	0	0
OTU117	2	4	5	3	5	4	3	3	1	3	1	1	1	0	3	2	0	1	3	2	0	2	0	0
OTU118	1	0	0	0	0	1	0	1	0	2	0	1	0	0	2	0	0	6	0	1	0	1	0	0
OTU119	4	5	8	2	2	3	5	8	2	4	10	4	6	1	5	5	2	1	7	15	1	6	0	0
OTU120	6	6	5	3	7	6	1	13	2	3	4	3	13	7	2	0	0	1	3	12	3	12	0	0
OTU121	64	64	16	38	70	176	7	101	10	39	132	9	76	34	2	0	4	12	40	75	32	104	2	0
OTU122	59	5	7	3	0	15	0	4	2	3	5	0	3	3	2	2	4	4	2	12	4	7	0	0
OTU123	3	2	1	5	6	27	0	9	0	10	16	0	1	3	1	0	0	1	1	13	2	9	0	0
OTU124	36	51	7	27	279	162	4	82	6	131	446	66	60	17	8	0	12	3	11	18	9	58	0	0
OTU125	1	0	0	1	0	2	0	0	0	1	1	0	2	0	0	0	0	0	1	0	0	2	0	0
OTU126	2	1	4	3	4	10	0	8	3	2	103	3	4	0	3	1	0	0	1	4	1	3	0	0
OTU127	8	4	1	2	1	4	1	7	3	7	6	3	2	3	5	3	2	2	3	2	3	2	0	0
OTU128	3	34	3	26	8	4	6	57	10	2	6	13	12	17	5	2	0	1	27	27	13	35	0	0
OTU129	1	0	1	1	0	0	1	5	0	0	1	1	1	1	1	0	0	0	0	1	0	1	0	0
OTU130	4	3	3	0	2	6	3	4	6	3	7	1	1	3	3	3	1	1	4	5	5	1	0	0
OTU131	3	2	11	1	5	14	4	4	11	4	5	4	4	4	5	3	0	6	2	3	4	1	0	0
OTU132	2	1	2	0	1	2	1	0	2	0	0	0	1	0	3	0	0	2	0	0	0	0	0	0
OTU133	4	3	5	0	2	3	3	7	1	3	5	1	1	0	3	3	1	3	1	1	0	3	0	0
OTU134	3	1	3	0	1	3	0	2	6	1	3	1	1	1	3	3	1	1	2	2	2	0	0	0
OTU135	1	1	0	0	1	2	0	2	1	0	0	0	0	0	3	0	0	0	0	0	0	0	0	0
OTU136	1	2	3	1	0	0	1	3	0	3	4	0	2	3	1	1	0	1	1	2	4	3	0	0
OTU137	16	20	25	10	8	20	6	23	12	6	12	11	15	10	12	15	4	12	8	17	15	9	0	0
OTU138	4	2	1	0	1	2	0	1	0	1	2	0	1	1	1	0	0	2	1	3	1	2	0	0
OTU139	1	0	0	0	0	0	0	0	0	0	0	0	0	0	0	0	0	0	0	0	0	0	0	0
OTU140	6	8	4	1	2	2	1	3	2	3	2	2	1	0	1	0	0	4	4	5	5	1	0	0
OTU141	1	1	4	1	1	5	2	11	4	4	6	3	0	2	1	6	1	2	0	2	1	7	0	0
OTU142	2	3	6	0	1	12	3	0	4	1	3	5	2	0	4	4	0	2	2	2	5	0	0	0
OTU143	1	0	0	0	0	0	0	0	0	0	0	0	0	0	0	0	0	1	0	0	0	0	0	0
OTU144	1	1	0	0	0	5	1	0	5	0	0	1	0	0	5	1	0	1	2	0	2	0	0	0
OTU145	3	6	5	0	1	58	1	3	46	8	2	8	6	1	12	1	1	7	2	4	14	3	0	0
OTU146	1	2	1	0	1	5	1	0	5	0	0	2	0	2	0	2	0	0	0	0	2	1	0	0
OTU147	1	0	1	0	0	4	0	1	0	0	1	3	1	0	1	0	0	1	2	4	1	0	0	0
OTU148	0	1	0	0	0	3	0	1	0	1	0	0	0	0	0	0	0	0	1	1	0	0	0	0
OTU149	0	1	0	0	0	0	0	0	0	0	0	0	0	0	0	0	0	0	0	0	0	0	0	0
OTU150	0	1	2	1	0	0	0	0	0	0	0	0	0	0	0	0	0	0	0	0	0	0	0	0
OTU151	0	1	0	0	0	0	0	0	0	0	0	0	0	0	0	0	0	0	0	0	0	0	0	0
OTU152	0	1	0	0	0	0	0	0	0	1	0	0	0	0	0	0	0	0	0	0	0	0	0	0
OTU153	0	1	0	0	0	0	0	0	0	0	0	0	0	0	0	0	0	0	0	0	0	0	0	0
OTU154	0	1	0	0	0	0	0	0	0	0	0	0	0	0	0	0	0	0	0	0	0	0	0	0
OTU155	0	1	0	0	0	0	0	0	0	0	0	0	0	0	0	0	0	0	0	0	0	0	0	0
OTU156	0	1	0	0	0	0	0	0	0	0	0	0	0	0	0	0	0	0	0	0	0	0	0	0
OTU157	0	1	0	0	0	0	0	0	2	0	0	0	0	0	0	0	0	0	0	0	0	0	0	0
OTU158	0	32	0	0	0	0	0	0	0	1	0	0	0	0	0	0	0	1	0	0	1	0	0	0
OTU159	0	1	0	0	0	0	1	0	0	0	0	0	1	0	0	0	0	1	2	0	0	0	0	0
OTU160	0	1	0	0	0	0	0	0	0	0	0	0	0	0	0	0	0	0	0	0	0	0	0	0
OTU161	0	1	1	0	0	0	0	2	0	0	1	0	0	0	1	0	0	1	1	1	0	0	0	0
OTU162	0	2	0	0	0	1	0	0	0	1	1	0	0	0	0	3	0	1	0	1	1	1	0	0
OTU163	0	1	0	0	1	3	1	2	0	2	0	2	0	0	2	1	0	1	0	0	0	1	0	0
OTU164	0	1	0	0	0	0	0	0	0	0	0	0	0	1	0	0	0	0	1	0	0	0	0	0
OTU165	0	1	0	0	0	0	0	0	0	0	0	0	0	0	0	0	0	0	0	0	0	0	0	0
OTU166	0	1	0	0	0	0	0	2	0	1	0	0	2	2	6	0	0	1	16	0	0	0	0	0
OTU167	0	1	0	0	0	0	0	0	0	0	0	0	0	0	1	0	0	0	0	0	0	0	0	0
OTU168	0	1	0	0	0	0	0	0	0	0	0	0	0	0	0	0	0	0	0	0	0	0	0	0
OTU169	0	2	0	0	0	0	0	0	0	0	0	0	0	0	0	0	0	0	0	0	0	0	0	0
OTU170	0	1	0	0	0	0	0	0	1	0	0	0	0	1	0	0	0	0	0	0	0	0	0	0
OTU171	0	1	0	1	1	3	0	1	0	3	4	1	5	2	0	0	0	0	0	1	5	1	0	0
OTU172	0	3	0	0	0	0	0	0	0	0	0	0	0	0	0	0	0	0	0	0	0	0	0	0
OTU173	0	1	0	0	0	0	0	0	0	0	0	0	0	0	1	0	0	0	0	0	0	0	0	0
OTU174	0	1	0	0	0	0	0	1	0	0	0	0	0	0	0	0	0	0	0	1	0	0	0	0
OTU175	0	1	0	0	0	0	0	0	0	0	0	0	0	0	0	0	0	0	1	0	0	0	0	0
OTU176	0	1	0	0	0	2	1	1	0	0	0	0	0	0	0	0	0	0	0	0	0	0	0	0
OTU177	0	2	0	0	0	0	0	0	0	0	0	0	0	1	0	0	0	2	3	1	1	0	0	0
OTU178	0	4	0	0	0	0	0	0	0	0	0	0	0	0	0	0	0	0	0	0	1	1	0	0
OTU179	0	6	5	1	1	2	2	2	5	2	4	2	2	0	0	2	0	0	0	0	1	1	0	0
OTU180	0	12	1	0	0	0	0	0	0	0	0	0	0	0	0	0	0	0	0	0	0	0	0	0
OTU181	0	1	0	0	0	0	0	0	0	0	0	0	0	0	0	0	0	0	0	0	0	0	0	0
OTU182	0	1	2	0	0	0	0	0	0	0	0	0	0	0	0	0	0	0	0	0	0	0	0	0
OTU183	0	2	0	0	0	6	0	0	1	2	2	4	0	0	1	0	0	0	0	2	0	0	0	0
OTU184	0	1	2	0	1	1	0	1	0	0	1	2	0	0	0	0	0	0	0	0	1	0	0	0
OTU185	0	3	0	0	0	0	0	0	0	0	0	0	0	0	0	0	0	0	0	0	0	1	0	0
OTU186	0	1	0	0	0	0	0	0	0	0	0	0	0	0	1	0	0	0	0	0	0	0	0	0
OTU187	0	27	0	0	1	0	0	0	0	0	0	0	0	0	0	0	0	0	0	0	1	0	0	0
OTU188	0	1	1	0	0	0	0	0	0	0	0	0	0	0	0	0	0	2	0	0	0	0	0	0
OTU189	0	1	0	0	0	1	1	0	0	0	0	0	0	0	0	0	0	0	0	1	0	0	0	0
OTU190	0	1	0	0	0	0	0	0	0	0	0	0	0	0	0	0	0	0	0	0	0	0	0	0
OTU191	0	1	0	0	0	0	0	0	0	0	0	0	0	0	0	0	0	0	0	0	0	0	0	0
OTU192	0	1	0	0	0	0	0	0	0	0	0	1	0	1	0	1	0	0	1	0	0	0	0	0
OTU193	0	1	0	0	0	0	0	0	0	0	0	0	0	0	0	0	0	0	0	1	0	0	0	0
OTU194	0	1	0	0	0	0	0	0	0	0	0	0	0	0	0	0	0	0	0	0	0	0	0	0
OTU195	0	1	0	0	0	0	0	0	0	0	0	0	0	0	0	0	0	0	0	0	0	0	0	0
OTU196	0	2	0	0	0	0	0	0	0	0	0	0	0	0	0	0	0	0	0	0	0	0	0	0
OTU197	0	2	3	1	1	0	1	1	0	2	1	2	0	1	1	1	0	1	0	0	0	0	0	0
OTU198	0	1	0	0	0	0	0	0	0	0	0	0	0	0	0	0	0	0	0	0	0	0	0	0
OTU199	0	2	0	0	0	0	0	2	0	0	0	0	1	0	0	0	0	0	0	0	0	0	0	0
OTU200	0	1	0	0	0	0	0	0	0	0	0	0	0	0	0	0	0	0	0	0	0	0	0	0
OTU201	0	2	1	0	0	0	0	1	1	0	0	0	1	1	2	0	0	1	2	1	0	1	0	0
OTU202	0	1	0	0	0	0	0	0	0	0	0	0	0	0	0	0	0	0	0	0	0	0	0	0
OTU203	0	1	0	0	0	1	0	0	0	0	0	0	0	0	0	0	0	0	0	0	0	0	0	0
OTU204	0	1	1	0	0	0	0	1	0	0	1	0	0	0	0	0	0	0	2	0	0	0	0	0
OTU205	0	4	2	0	0	2	1	2	3	1	1	2	5	2	2	1	0	0	0	2	1	2	0	0
OTU206	0	1	0	0	0	0	0	0	0	0	0	0	0	0	1	0	0	0	0	0	0	0	0	0
OTU207	0	2	0	0	0	0	0	0	1	0	0	0	0	0	0	0	0	0	0	1	0	0	0	0
OTU208	0	0	1	0	0	0	0	0	0	0	0	0	0	0	0	0	0	0	0	0	0	0	0	0
OTU209	0	0	1	0	0	0	0	0	0	0	0	0	0	0	0	0	0	0	0	0	0	0	0	0
OTU210	0	0	1	0	0	0	0	0	0	0	0	0	0	0	0	0	0	0	0	0	0	0	0	0
OTU211	0	0	1	0	4	1	0	1	0	4	1	4	0	0	2	0	1	1	1	1	0	2	0	0
OTU212	0	0	1	0	0	0	0	0	0	0	0	0	0	0	0	0	0	0	0	0	0	0	0	0
OTU213	0	0	1	0	0	2	0	0	1	0	0	1	1	0	0	2	1	1	0	0	0	1	0	0
OTU214	0	0	2	0	0	0	0	0	0	0	0	0	0	0	0	0	0	0	0	1	0	0	0	0
OTU215	0	0	1	0	0	1	0	0	0	0	0	0	0	0	0	0	0	0	0	0	0	2	0	0
OTU216	0	0	1	0	0	0	0	0	2	0	0	0	0	0	0	0	1	0	0	0	0	0	0	0
OTU217	0	0	7	0	1	0	0	0	0	0	1	0	3	0	2	0	3	2	0	2	0	1	0	0
OTU218	0	0	1	0	1	0	0	0	0	0	0	2	0	1	0	1	1	1	0	1	0	0	0	0
OTU219	0	0	1	0	0	2	0	1	0	1	2	2	0	2	2	0	0	2	0	0	2	1	0	0
OTU220	0	0	2	0	0	0	0	1	0	0	0	0	0	0	0	0	0	0	0	0	1	0	0	0
OTU221	0	0	1	0	1	0	0	0	0	0	1	0	0	0	0	0	0	1	0	0	0	0	0	0
OTU222	0	0	3	0	4	1	0	2	1	3	3	0	0	0	1	1	0	1	0	2	0	2	0	0
OTU223	0	0	1	0	0	0	0	0	0	1	0	0	0	0	0	0	0	0	2	0	0	0	0	0
OTU224	0	0	3	1	1	0	2	4	1	4	5	0	1	1	3	0	1	1	0	1	1	0	0	0
OTU225	0	0	1	0	0	0	0	0	0	0	0	0	0	0	0	0	0	0	0	0	0	0	0	0
OTU226	0	0	2	0	0	0	0	0	0	0	0	1	0	0	0	0	0	0	0	0	0	0	0	0
OTU227	0	0	4	0	1	2	0	0	8	0	1	0	0	0	1	1	0	2	0	1	2	0	0	0
OTU228	0	0	1	0	0	0	0	0	0	0	0	0	0	0	0	0	0	0	0	0	0	0	0	0
OTU229	0	0	1	0	0	1	0	0	0	0	0	0	0	0	0	0	0	0	0	1	0	0	0	0
OTU230	0	0	1	0	0	0	0	0	0	0	0	0	0	0	0	2	0	0	0	0	0	0	0	0
OTU231	0	0	1	0	0	0	0	0	1	1	0	0	0	0	0	1	0	0	0	1	0	0	0	0
OTU232	0	0	2	0	0	1	0	0	0	0	0	0	0	0	0	0	0	0	0	0	0	0	0	0
OTU233	0	0	2	0	0	0	0	0	0	0	0	0	0	0	0	0	0	0	0	0	0	0	0	0
OTU234	0	0	1	0	0	0	0	0	0	0	0	0	0	0	0	0	0	0	0	0	0	0	0	0
OTU235	0	0	1	0	0	0	0	0	0	0	0	0	0	0	0	0	0	0	0	0	0	0	0	0
OTU236	0	0	1	0	0	0	0	0	0	0	0	0	0	0	0	0	0	0	0	0	0	0	0	0
OTU237	0	0	1	0	0	0	0	0	0	0	0	0	0	0	0	0	0	1	0	0	0	0	0	0
OTU238	0	0	1	0	0	0	0	0	0	0	0	0	0	0	0	0	0	0	0	0	0	0	0	0
OTU239	0	0	1	0	0	1	0	0	1	0	0	1	1	0	0	0	0	0	1	0	0	1	0	0
OTU240	0	0	1	0	0	0	0	0	0	0	0	0	0	0	0	0	0	0	0	0	0	0	0	0
OTU241	0	0	2	0	0	0	0	0	0	0	0	0	0	1	0	0	0	0	0	0	1	0	0	0
OTU242	0	0	1	0	0	0	0	0	0	0	0	1	0	0	0	0	0	2	0	0	0	0	0	0
OTU243	0	0	3	0	1	4	0	2	1	0	2	0	0	0	1	0	1	1	0	1	0	3	0	0
OTU244	0	0	2	4	0	0	0	2	0	2	0	0	0	1	0	0	0	0	0	0	1	0	0	0
OTU245	0	0	1	1	0	0	0	1	0	1	0	0	0	0	0	0	0	0	0	0	0	0	0	0
OTU246	0	0	1	0	0	0	0	0	0	0	0	0	0	0	0	0	0	0	0	0	0	0	0	0
OTU247	0	0	1	0	0	0	0	0	0	0	0	0	0	0	0	0	0	0	0	0	0	0	0	0
OTU248	0	0	1	0	0	0	0	1	0	0	0	0	0	0	0	0	0	0	0	0	0	0	0	0
OTU249	0	0	2	0	2	3	1	2	1	1	2	0	0	1	4	2	1	1	0	1	0	2	0	0
OTU250	0	0	1	0	0	0	0	0	0	0	0	0	0	0	0	0	0	0	0	0	0	0	0	0
OTU251	0	0	2	0	0	3	0	1	0	0	0	0	0	0	0	0	0	1	0	0	0	0	0	0
OTU252	0	0	1	0	0	1	1	3	2	0	1	6	1	0	0	2	0	3	0	2	2	1	0	0
OTU253	0	0	1	0	0	1	0	0	0	0	0	0	0	0	0	0	0	0	0	0	0	0	0	0
OTU254	0	0	2	0	1	0	0	0	0	0	0	0	0	0	0	0	0	0	0	2	0	0	0	0
OTU255	0	0	9	0	0	0	0	0	0	0	2	0	0	0	0	0	0	0	0	0	0	0	0	0
OTU256	0	0	1	0	0	0	0	0	0	1	0	0	0	0	0	0	0	0	0	0	0	0	0	0
OTU257	0	0	1	0	0	0	0	0	0	0	0	0	0	0	0	0	0	1	0	0	0	0	0	0
OTU258	0	0	1	0	0	0	0	0	0	0	0	0	0	0	0	0	0	0	0	0	0	0	0	0
OTU259	0	0	1	0	0	2	0	0	0	0	0	0	0	0	0	1	0	1	0	0	0	0	0	0
OTU260	0	0	1	0	0	0	0	1	0	0	1	0	0	0	0	0	0	1	2	0	0	0	0	0
OTU261	0	0	3	0	5	2	0	11	1	10	10	0	0	3	6	2	2	0	0	2	4	2	0	0
OTU262	0	0	1	1	1	3	0	3	3	5	1	1	0	0	2	2	0	3	1	2	0	1	0	0
OTU263	0	0	1	0	0	0	0	0	0	0	1	0	0	1	0	0	0	0	0	0	0	0	0	0
OTU264	0	0	1	0	0	0	0	0	0	0	0	0	0	0	0	0	0	0	0	0	0	0	0	0
OTU265	0	0	2	1	0	0	0	0	1	0	0	0	0	1	1	0	0	1	1	0	1	0	0	0
OTU266	0	0	3	0	1	1	2	5	0	0	3	2	0	1	2	0	0	1	0	0	1	2	0	0
OTU267	0	0	2	0	0	0	0	0	1	0	0	0	0	0	0	0	0	0	0	0	0	0	0	0
OTU268	0	0	1	0	0	0	0	0	0	0	0	0	0	0	0	0	0	0	0	0	0	0	0	0
OTU269	0	0	1	0	0	0	0	0	0	0	0	0	0	0	1	0	0	0	0	0	0	0	0	0
OTU270	0	0	1	0	0	0	0	0	0	0	0	0	0	0	0	0	0	0	0	0	1	0	0	0
OTU271	0	0	1	0	0	0	0	0	0	0	0	0	0	0	0	0	0	0	0	0	0	0	0	0
OTU272	0	0	1	0	0	0	0	1	0	0	0	1	0	1	0	2	0	0	0	1	3	3	0	0
OTU273	0	0	2	0	0	1	0	0	1	0	0	0	3	1	0	0	0	0	1	1	0	1	0	0
OTU274	0	0	1	0	0	0	0	0	0	0	0	0	0	0	0	0	0	0	0	0	0	0	0	0
OTU275	0	0	2	0	0	0	0	0	0	0	0	1	0	0	0	2	0	2	1	2	1	0	0	0
OTU276	0	0	1	1	0	0	0	0	1	0	0	0	0	0	0	0	0	0	0	0	0	0	0	0
OTU277	0	0	0	1	0	0	0	0	0	0	0	0	0	0	0	0	0	0	0	0	0	0	0	0
OTU278	0	0	0	1	0	0	0	1	0	0	2	0	0	0	0	0	0	0	0	0	0	0	0	0
OTU279	0	0	0	1	0	0	0	0	0	0	0	0	0	0	0	0	0	0	0	0	0	0	0	0
OTU280	0	0	0	5	2	1	2	3	39	1	2	3	2	1	0	2	0	3	1	3	2	3	0	0
OTU281	0	0	0	1	1	0	0	0	0	0	0	0	0	0	0	0	0	0	0	0	0	0	0	0
OTU282	0	0	0	1	0	3	0	0	0	0	0	0	0	0	0	0	0	0	0	0	0	0	0	0
OTU283	0	0	0	1	0	0	0	0	0	0	0	0	0	0	0	0	0	0	0	0	0	0	0	0
OTU284	0	0	0	1	0	0	0	0	0	0	0	0	0	0	0	0	0	0	0	0	0	0	0	0
OTU285	0	0	0	1	0	0	0	0	0	0	0	0	0	0	0	0	0	0	0	0	0	0	0	0
OTU286	0	0	0	1	0	0	0	0	0	0	0	0	0	0	0	0	0	0	0	0	0	0	0	0
OTU287	0	0	0	1	0	0	0	0	1	1	0	0	0	0	0	0	0	0	0	0	1	0	0	0
OTU288	0	0	0	1	0	0	0	0	0	0	0	0	0	0	0	0	0	0	0	0	0	0	0	0
OTU289	0	0	0	1	0	1	0	1	0	0	0	0	0	0	0	0	0	1	0	0	0	0	0	0
OTU290	0	0	0	1	0	0	0	0	0	0	0	0	0	0	0	0	0	0	0	1	0	0	0	0
OTU291	0	0	0	0	1	0	0	0	0	0	0	0	0	0	0	0	0	0	0	0	0	0	0	0
OTU292	0	0	0	0	1	0	0	0	0	0	0	0	0	0	0	0	0	0	0	0	0	0	0	0
OTU293	0	0	0	0	1	0	0	0	0	0	0	0	0	0	0	0	0	0	0	0	0	0	0	0
OTU294	0	0	0	0	1	0	0	0	0	0	2	0	0	0	0	0	0	0	0	0	0	0	0	0
OTU295	0	0	0	0	1	0	1	0	0	0	0	0	0	0	1	1	1	0	0	0	0	0	0	0
OTU296	0	0	0	0	2	0	0	0	0	0	0	0	0	0	0	0	0	0	1	0	0	0	0	0
OTU297	0	0	0	0	1	1	0	0	1	0	0	1	0	0	0	0	0	0	0	0	0	0	0	0
OTU298	0	0	0	0	1	1	0	0	0	0	0	3	0	0	1	0	0	1	0	1	0	1	0	0
OTU299	0	0	0	0	1	0	0	0	0	0	0	0	0	0	0	0	0	0	0	0	1	0	0	0
OTU300	0	0	0	0	1	2	0	0	0	0	0	1	0	0	0	0	0	0	0	0	0	1	0	0
OTU301	0	0	0	0	2	3	0	1	2	0	0	4	0	1	1	1	0	1	2	0	1	1	0	0
OTU302	0	0	0	0	1	0	0	0	0	0	0	0	0	0	0	0	0	0	0	0	0	0	0	0
OTU303	0	0	0	0	1	0	0	0	0	0	0	0	0	0	0	0	0	0	0	0	0	1	0	0
OTU304	0	0	0	0	1	0	0	0	0	0	0	0	0	0	0	0	0	1	0	0	0	0	0	0
OTU305	0	0	0	0	1	0	0	0	0	0	0	0	0	0	0	0	0	0	0	0	0	0	0	0
OTU306	0	0	0	0	1	0	0	0	0	0	0	0	0	0	0	0	0	0	0	0	0	0	0	0
OTU307	0	0	0	0	1	0	1	0	0	0	0	0	1	0	0	0	0	0	0	0	0	1	0	0
OTU308	0	0	0	0	1	0	0	0	0	0	0	0	0	0	0	0	0	0	0	0	0	0	0	0
OTU309	0	0	0	0	1	0	0	1	0	0	7	3	0	0	0	1	0	0	0	0	0	2	0	0
OTU310	0	0	0	0	2	0	0	0	0	0	0	0	0	0	0	0	0	0	0	0	0	0	0	0
OTU311	0	0	0	0	2	0	0	0	0	0	0	0	0	0	0	0	0	0	0	0	0	0	0	0
OTU312	0	0	0	0	1	0	0	0	0	0	0	0	0	0	0	0	0	0	0	0	0	0	0	0
OTU313	0	0	0	0	0	1	0	0	0	0	0	0	0	0	0	0	0	0	0	0	0	0	0	0
OTU314	0	0	0	0	0	1	0	0	0	0	0	0	0	0	1	0	0	0	1	0	0	0	0	0
OTU315	0	0	0	0	0	1	0	0	0	0	0	0	0	0	0	0	0	0	0	0	0	0	0	0
OTU316	0	0	0	0	0	1	0	0	0	0	0	0	0	0	0	0	0	0	0	0	0	0	0	0
OTU317	0	0	0	0	0	1	0	0	0	0	0	0	0	0	0	0	0	0	0	0	0	0	0	0
OTU318	0	0	0	0	0	1	0	0	0	0	0	0	0	0	0	0	0	0	0	0	0	0	0	0
OTU319	0	0	0	0	0	1	0	0	0	0	0	0	0	0	0	0	0	0	0	0	0	0	0	0
OTU320	0	0	0	0	0	1	0	0	0	0	0	0	0	0	0	0	0	0	0	0	0	1	0	0
OTU321	0	0	0	0	0	1	0	0	0	0	0	0	0	0	0	0	0	0	0	0	0	0	0	0
OTU322	0	0	0	0	0	1	0	0	0	0	0	0	0	0	0	0	0	0	0	0	0	0	0	0
OTU323	0	0	0	0	0	1	0	0	0	0	0	0	0	0	6	0	0	0	0	0	0	0	0	0
OTU324	0	0	0	0	0	41	0	1	0	0	0	0	0	0	480	0	0	1	0	0	0	0	2	0
OTU325	0	0	0	0	0	2	0	0	0	0	0	0	0	0	0	0	0	0	0	0	0	0	0	0
OTU326	0	0	0	0	0	2	0	0	0	0	0	0	0	0	0	0	0	0	0	0	0	0	0	0
OTU327	0	0	0	0	0	1	2	0	0	0	1	1	0	1	1	0	0	3	0	2	2	0	0	0
OTU328	0	0	0	0	0	2	0	0	0	1	2	1	0	1	0	0	0	0	0	0	0	0	0	0
OTU329	0	0	0	0	0	1	0	0	0	0	0	0	0	0	0	0	0	1	0	0	0	0	0	0
OTU330	0	0	0	0	0	1	0	1	0	0	0	0	0	0	0	1	0	0	0	0	0	0	0	0
OTU331	0	0	0	0	0	1	0	2	0	0	0	0	0	0	1	0	0	0	0	0	0	0	0	0
OTU332	0	0	0	0	0	1	0	0	0	0	0	0	0	0	0	0	0	0	0	0	0	0	0	0
OTU333	0	0	0	0	0	2	0	0	0	0	0	1	0	0	0	0	0	0	0	0	0	0	0	0
OTU334	0	0	0	0	0	1	0	0	0	0	0	0	0	0	0	0	0	0	0	0	0	0	0	0
OTU335	0	0	0	0	0	2	1	1	0	0	0	0	0	0	0	0	0	0	0	0	2	0	0	0
OTU336	0	0	0	0	0	1	0	1	0	0	0	0	0	0	0	0	0	0	0	0	0	0	0	0
OTU337	0	0	0	0	0	1	0	0	1	0	0	0	0	0	0	1	0	0	1	0	0	0	0	0
OTU338	0	0	0	0	0	1	0	0	0	0	0	0	0	0	0	0	0	0	0	0	0	0	0	0
OTU339	0	0	0	0	0	1	0	0	0	0	0	0	0	0	0	0	0	0	0	0	0	0	0	0
OTU340	0	0	0	0	0	1	0	0	0	0	0	0	0	0	0	0	0	0	0	0	0	0	0	0
OTU341	0	0	0	0	0	2	0	0	0	0	0	0	0	0	0	0	0	0	0	0	0	0	0	0
OTU342	0	0	0	0	0	1	0	0	0	0	0	0	0	0	0	0	0	0	0	0	0	1	0	0
OTU343	0	0	0	0	0	1	0	0	0	0	0	0	0	2	0	0	0	0	0	0	0	0	0	0
OTU344	0	0	0	0	0	2	0	0	0	0	0	0	0	0	0	0	0	0	0	0	0	0	0	0
OTU345	0	0	0	0	0	1	0	0	0	0	0	0	0	0	0	0	0	0	0	0	0	0	0	0
OTU346	0	0	0	0	0	1	0	0	0	0	1	0	1	0	0	0	0	0	0	0	0	0	0	0
OTU347	0	0	0	0	0	1	0	0	0	0	0	0	0	0	0	0	0	0	0	0	0	0	0	0
OTU348	0	0	0	0	0	1	0	0	0	0	0	0	0	0	0	0	0	0	0	0	0	0	0	0
OTU349	0	0	0	0	0	1	0	0	0	0	0	0	0	0	0	0	0	0	0	0	0	0	0	0
OTU350	0	0	0	0	0	6	0	0	1	0	0	0	0	0	0	0	0	0	0	0	1	1	0	0
OTU351	0	0	0	0	0	1	0	0	0	0	0	0	0	0	0	1	0	0	0	0	0	0	0	0
OTU352	0	0	0	0	0	1	0	0	0	1	0	5	1	0	0	0	0	0	0	0	0	0	0	0
OTU353	0	0	0	0	0	1	0	0	1	0	0	1	0	0	0	1	0	0	0	0	0	0	0	0
OTU354	0	0	0	0	0	1	0	0	0	0	0	0	0	0	0	0	0	0	0	0	0	0	0	0
OTU355	0	0	0	0	0	1	0	0	0	0	0	0	0	0	0	0	0	0	0	0	0	0	0	0
OTU356	0	0	0	0	0	1	0	0	0	0	0	0	0	0	0	0	0	0	0	0	0	0	0	0
OTU357	0	0	0	0	0	1	0	0	0	0	1	0	0	0	0	0	0	0	0	0	0	0	0	0
OTU358	0	0	0	0	0	1	0	0	0	0	0	0	0	0	0	0	0	0	0	0	0	0	0	0
OTU359	0	0	0	0	0	2	0	0	0	0	1	0	0	0	2	0	0	0	0	0	0	0	0	0
OTU360	0	0	0	0	0	2	0	0	0	0	0	0	0	0	1	0	0	0	0	0	0	0	0	0
OTU361	0	0	0	0	0	1	0	0	0	0	0	0	0	0	0	0	0	0	0	0	0	0	0	0
OTU362	0	0	0	0	0	1	0	0	0	0	0	0	0	0	0	0	0	2	0	0	0	0	0	0
OTU363	0	0	0	0	0	6	0	0	0	0	0	0	0	0	4	0	0	5	0	0	0	0	0	0
OTU364	0	0	0	0	0	0	1	0	0	0	0	0	0	0	0	0	0	0	0	0	0	0	0	0
OTU365	0	0	0	0	0	0	1	0	0	0	0	0	0	0	0	0	0	0	0	0	0	0	0	0
OTU366	0	0	0	0	0	0	1	0	0	0	0	0	0	0	0	0	0	0	1	0	0	0	0	0
OTU367	0	0	0	0	0	0	2	0	0	0	0	0	0	0	0	0	0	0	0	0	0	0	0	0
OTU368	0	0	0	0	0	0	1	0	0	0	0	0	0	0	0	0	0	0	0	0	0	0	0	0
OTU369	0	0	0	0	0	0	1	0	0	0	0	0	0	0	0	0	0	0	0	0	0	0	0	0
OTU370	0	0	0	0	0	0	1	0	0	0	0	0	0	1	0	0	0	0	0	2	0	0	0	0
OTU371	0	0	0	0	0	0	1	0	0	0	1	1	0	0	0	0	0	0	0	0	1	0	0	0
OTU372	0	0	0	0	0	0	1	0	0	0	0	0	1	0	0	0	0	0	0	0	0	0	0	0
OTU373	0	0	0	0	0	0	1	0	0	0	0	0	0	0	0	0	0	0	1	0	0	0	0	0
OTU374	0	0	0	0	0	0	1	0	0	0	0	0	0	0	0	0	0	0	0	0	0	0	0	0
OTU375	0	0	0	0	0	0	1	0	0	0	0	0	0	0	0	0	0	0	0	0	0	0	0	0
OTU376	0	0	0	0	0	0	1	0	0	0	0	0	0	0	0	0	0	0	0	0	0	0	0	0
OTU377	0	0	0	0	0	0	1	0	0	0	0	0	0	0	0	0	0	0	0	0	0	0	0	0
OTU378	0	0	0	0	0	0	1	0	0	0	0	0	0	0	0	2	0	0	1	0	0	0	0	0
OTU379	0	0	0	0	0	0	1	0	0	0	0	0	0	0	0	0	0	0	0	0	0	0	0	0
OTU380	0	0	0	0	0	0	1	0	0	0	0	0	0	0	0	0	0	0	0	0	0	0	0	0
OTU381	0	0	0	0	0	0	1	0	0	0	0	0	0	0	0	0	0	0	0	0	0	0	0	0
OTU382	0	0	0	0	0	0	3	5	4	7	6	2	0	0	0	0	0	0	1	4	0	1	0	0
OTU383	0	0	0	0	0	0	1	0	0	0	0	0	0	0	0	0	0	0	0	0	0	0	0	0
OTU384	0	0	0	0	0	0	1	0	0	1	0	0	0	0	0	0	0	0	0	0	0	0	0	0
OTU385	0	0	0	0	0	0	1	0	0	0	0	0	0	0	0	0	0	1	0	1	0	0	0	0
OTU386	0	0	0	0	0	0	1	0	0	0	0	0	0	0	0	0	0	0	0	0	0	0	0	0
OTU387	0	0	0	0	0	0	0	1	0	0	0	0	0	0	0	0	0	0	0	0	0	0	0	0
OTU388	0	0	0	0	0	0	0	1	0	0	0	0	0	0	0	0	0	0	0	0	0	0	0	0
OTU389	0	0	0	0	0	0	0	1	0	0	0	0	0	0	0	0	0	0	0	0	0	0	0	0
OTU390	0	0	0	0	0	0	0	1	0	0	0	0	0	0	0	0	0	0	0	0	0	0	0	0
OTU391	0	0	0	0	0	0	0	1	0	0	0	0	0	0	0	0	0	0	0	0	0	0	0	0
OTU392	0	0	0	0	0	0	0	2	0	0	1	0	1	0	0	0	1	0	0	2	0	0	0	0
OTU393	0	0	0	0	0	0	0	1	0	0	0	0	0	0	0	0	0	0	0	0	0	0	0	0
OTU394	0	0	0	0	0	0	0	1	0	0	0	0	0	0	0	0	0	0	0	0	0	0	0	0
OTU395	0	0	0	0	0	0	0	1	0	0	0	0	0	0	0	0	0	0	1	0	0	0	0	0
OTU396	0	0	0	0	0	0	0	1	0	0	0	0	0	0	0	0	0	0	0	0	0	0	0	0
OTU397	0	0	0	0	0	0	0	1	0	0	0	0	0	0	0	0	0	0	0	0	0	0	0	0
OTU398	0	0	0	0	0	0	0	1	0	0	0	0	0	0	0	0	0	0	0	0	0	0	0	0
OTU399	0	0	0	0	0	0	0	1	0	0	0	0	0	0	0	0	0	0	0	0	0	0	0	0
OTU400	0	0	0	0	0	0	0	1	0	0	0	0	0	0	0	0	0	0	0	0	0	0	0	0
OTU401	0	0	0	0	0	0	0	1	0	0	0	0	0	0	0	0	0	0	0	0	0	0	0	0
OTU402	0	0	0	0	0	0	0	1	0	0	1	0	0	0	0	0	0	0	0	0	0	0	0	0
OTU403	0	0	0	0	0	0	0	1	1	0	0	0	0	0	0	0	0	0	0	0	0	0	0	0
OTU404	0	0	0	0	0	0	0	1	0	0	0	0	0	0	0	0	0	0	0	0	0	0	0	0
OTU405	0	0	0	0	0	0	0	1	0	0	0	0	0	0	0	0	0	0	0	0	0	0	0	0
OTU406	0	0	0	0	0	0	0	1	0	0	0	0	0	0	0	0	0	0	0	0	0	0	0	0
OTU407	0	0	0	0	0	0	0	1	0	0	0	0	0	0	0	0	0	0	0	0	0	0	0	0
OTU408	0	0	0	0	0	0	0	1	0	0	0	0	0	0	0	0	0	0	0	0	0	0	0	0
OTU409	0	0	0	0	0	0	0	1	0	0	0	0	0	0	0	0	0	0	0	0	0	0	0	0
OTU410	0	0	0	0	0	0	0	1	0	0	0	0	0	0	0	0	0	0	0	1	0	0	0	0
OTU411	0	0	0	0	0	0	0	1	0	0	0	0	0	0	0	0	0	0	0	0	0	0	0	0
OTU412	0	0	0	0	0	0	0	1	0	0	0	0	0	0	0	0	0	0	0	0	0	0	0	0
OTU413	0	0	0	0	0	0	0	1	0	1	1	1	0	0	1	0	0	0	0	0	1	0	0	0
OTU414	0	0	0	0	0	0	0	1	0	0	0	0	0	0	0	0	0	0	0	0	0	0	0	0
OTU415	0	0	0	0	0	0	0	0	4	0	0	0	0	0	0	0	0	0	0	0	0	0	0	0
OTU416	0	0	0	0	0	0	0	0	2	0	0	0	0	0	0	0	0	0	0	0	0	0	0	0
OTU417	0	0	0	0	0	0	0	0	1	0	0	0	0	0	0	0	0	0	0	0	0	0	0	0
OTU418	0	0	0	0	0	0	0	0	1	0	0	0	0	0	0	0	0	0	0	0	0	0	0	0
OTU419	0	0	0	0	0	0	0	0	3	1	0	0	0	0	0	0	1	2	0	0	0	0	0	0
OTU420	0	0	0	0	0	0	0	0	1	0	0	0	0	0	0	0	0	0	1	0	0	0	0	0
OTU421	0	0	0	0	0	0	0	0	1	0	0	0	0	0	0	0	0	0	0	0	0	0	0	0
OTU422	0	0	0	0	0	0	0	0	10	0	0	0	0	0	0	0	0	0	1	0	0	0	0	0
OTU423	0	0	0	0	0	0	0	0	1	0	0	0	0	0	0	0	0	0	0	0	0	0	0	0
OTU424	0	0	0	0	0	0	0	0	1	0	0	0	0	0	0	0	0	0	0	0	0	0	0	0
OTU425	0	0	0	0	0	0	0	0	1	0	0	0	0	0	0	0	0	0	0	0	0	1	0	0
OTU426	0	0	0	0	0	0	0	0	1	0	0	0	0	0	0	2	0	0	0	0	0	1	0	0
OTU427	0	0	0	0	0	0	0	0	1	0	0	0	0	0	0	0	0	0	0	0	0	0	0	0
OTU428	0	0	0	0	0	0	0	0	1	0	0	0	0	0	0	0	0	0	0	0	0	0	0	0
OTU429	0	0	0	0	0	0	0	0	1	0	0	0	0	0	0	0	0	0	0	0	1	0	0	0
OTU430	0	0	0	0	0	0	0	0	1	0	0	0	0	0	0	0	0	0	0	0	0	0	0	0
OTU431	0	0	0	0	0	0	0	0	1	0	0	0	0	0	0	0	0	0	0	0	0	0	0	0
OTU432	0	0	0	0	0	0	0	0	2	0	0	0	0	0	0	0	0	0	0	0	0	0	0	0
OTU433	0	0	0	0	0	0	0	0	1	0	0	0	0	0	0	0	0	0	0	0	0	0	0	0
OTU434	0	0	0	0	0	0	0	0	1	0	0	0	0	0	0	0	0	0	0	0	0	0	0	0
OTU435	0	0	0	0	0	0	0	0	0	1	0	0	0	0	0	0	0	0	0	0	0	0	0	0
OTU436	0	0	0	0	0	0	0	0	0	1	0	0	0	0	0	0	0	0	0	0	0	0	0	0
OTU437	0	0	0	0	0	0	0	0	0	1	0	0	0	0	0	0	0	0	0	0	0	0	0	0
OTU438	0	0	0	0	0	0	0	0	0	1	0	0	0	0	0	0	0	0	0	0	0	0	0	0
OTU439	0	0	0	0	0	0	0	0	0	1	0	0	0	0	0	0	0	0	0	0	1	0	0	0
OTU440	0	0	0	0	0	0	0	0	0	1	0	0	0	0	0	0	0	0	0	0	0	0	0	0
OTU441	0	0	0	0	0	0	0	0	0	1	0	0	0	0	0	1	0	0	0	0	0	0	0	0
OTU442	0	0	0	0	0	0	0	0	0	1	0	0	0	0	0	0	0	0	2	0	0	0	0	0
OTU443	0	0	0	0	0	0	0	0	0	1	0	0	0	0	0	0	0	0	0	0	0	0	0	0
OTU444	0	0	0	0	0	0	0	0	0	1	0	0	0	0	0	0	0	1	0	1	0	0	0	0
OTU445	0	0	0	0	0	0	0	0	0	1	0	0	1	0	1	0	0	0	0	0	0	0	0	0
OTU446	0	0	0	0	0	0	0	0	0	1	0	0	0	0	0	0	0	0	0	0	0	0	0	0
OTU447	0	0	0	0	0	0	0	0	0	1	0	0	0	0	0	0	0	0	0	0	0	0	0	0
OTU448	0	0	0	0	0	0	0	0	0	1	0	0	0	0	0	0	0	0	0	0	0	0	0	0
OTU449	0	0	0	0	0	0	0	0	0	1	0	0	0	0	0	1	0	0	0	0	0	0	0	0
OTU450	0	0	0	0	0	0	0	0	0	1	0	0	1	0	0	0	0	0	0	0	0	0	0	0
OTU451	0	0	0	0	0	0	0	0	0	1	2	0	0	0	0	0	0	1	0	0	0	0	0	0
OTU452	0	0	0	0	0	0	0	0	0	1	0	0	1	0	0	0	0	1	1	0	0	0	0	0
OTU453	0	0	0	0	0	0	0	0	0	1	1	0	0	0	1	0	0	0	0	0	0	1	0	0
OTU454	0	0	0	0	0	0	0	0	0	1	0	0	0	0	0	0	0	0	0	0	0	0	0	0
OTU455	0	0	0	0	0	0	0	0	0	1	0	0	0	0	0	0	0	0	0	0	0	0	0	0
OTU456	0	0	0	0	0	0	0	0	0	1	1	0	0	0	0	3	0	0	2	0	0	2	0	0
OTU457	0	0	0	0	0	0	0	0	0	1	0	0	0	0	0	0	0	0	0	0	0	0	0	0
OTU458	0	0	0	0	0	0	0	0	0	0	1	0	0	0	0	0	0	0	0	0	0	0	0	0
OTU459	0	0	0	0	0	0	0	0	0	0	1	0	0	0	0	0	0	0	0	0	0	0	0	0
OTU460	0	0	0	0	0	0	0	0	0	0	2	0	0	0	0	0	0	0	0	0	0	0	0	0
OTU461	0	0	0	0	0	0	0	0	0	0	1	0	0	0	0	0	0	0	0	0	0	0	0	0
OTU462	0	0	0	0	0	0	0	0	0	0	1	0	0	0	0	0	0	0	0	0	0	0	0	0
OTU463	0	0	0	0	0	0	0	0	0	0	1	0	0	0	0	0	0	0	0	0	0	0	0	0
OTU464	0	0	0	0	0	0	0	0	0	0	1	0	0	1	0	0	0	0	0	0	0	0	0	0
OTU465	0	0	0	0	0	0	0	0	0	0	1	0	0	0	0	0	0	0	0	0	0	0	0	0
OTU466	0	0	0	0	0	0	0	0	0	0	2	1	0	0	0	0	1	1	0	0	0	1	0	0
OTU467	0	0	0	0	0	0	0	0	0	0	1	0	0	0	0	0	0	0	1	0	0	0	0	0
OTU468	0	0	0	0	0	0	0	0	0	0	1	0	0	0	0	0	0	0	0	0	0	0	0	0
OTU469	0	0	0	0	0	0	0	0	0	0	1	0	0	0	0	0	0	0	0	0	0	0	0	0
OTU470	0	0	0	0	0	0	0	0	0	0	1	0	0	0	1	0	0	0	0	0	0	0	0	0
OTU471	0	0	0	0	0	0	0	0	0	0	1	0	1	0	0	0	0	1	0	0	0	0	0	0
OTU472	0	0	0	0	0	0	0	0	0	0	0	1	1	0	1	0	1	0	0	0	0	0	0	0
OTU473	0	0	0	0	0	0	0	0	0	0	0	1	0	0	1	1	0	0	0	0	0	0	0	0
OTU474	0	0	0	0	0	0	0	0	0	0	0	1	0	0	0	0	0	0	0	0	1	0	0	0
OTU475	0	0	0	0	0	0	0	0	0	0	0	1	0	0	0	0	0	0	0	0	0	0	0	0
OTU476	0	0	0	0	0	0	0	0	0	0	0	1	0	0	0	0	0	0	0	0	0	0	0	0
OTU477	0	0	0	0	0	0	0	0	0	0	0	4	0	0	0	0	0	0	0	0	0	0	0	0
OTU478	0	0	0	0	0	0	0	0	0	0	0	1	0	0	0	0	0	0	0	0	0	0	0	0
OTU479	0	0	0	0	0	0	0	0	0	0	0	1	0	0	0	0	0	0	0	0	0	0	0	0
OTU480	0	0	0	0	0	0	0	0	0	0	0	1	0	0	0	0	0	0	0	0	0	0	0	0
OTU481	0	0	0	0	0	0	0	0	0	0	0	1	0	0	0	0	0	0	0	0	0	0	0	0
OTU482	0	0	0	0	0	0	0	0	0	0	0	1	0	0	0	0	0	0	0	0	0	0	0	0
OTU483	0	0	0	0	0	0	0	0	0	0	0	1	0	0	0	1	0	0	0	0	0	0	0	0
OTU484	0	0	0	0	0	0	0	0	0	0	0	1	0	0	0	1	1	0	1	0	0	0	0	0
OTU485	0	0	0	0	0	0	0	0	0	0	0	1	0	0	0	0	0	0	0	0	0	0	0	0
OTU486	0	0	0	0	0	0	0	0	0	0	0	1	0	0	0	0	0	1	1	0	0	0	0	0
OTU487	0	0	0	0	0	0	0	0	0	0	0	1	0	0	0	0	0	0	0	0	0	0	0	0
OTU488	0	0	0	0	0	0	0	0	0	0	0	1	0	0	0	0	0	1	0	0	0	0	0	0
OTU489	0	0	0	0	0	0	0	0	0	0	0	1	0	1	0	0	1	0	0	0	0	0	0	0
OTU490	0	0	0	0	0	0	0	0	0	0	0	1	0	0	0	0	0	0	0	0	0	0	0	0
OTU491	0	0	0	0	0	0	0	0	0	0	0	0	1	0	0	0	0	0	0	1	0	0	0	0
OTU492	0	0	0	0	0	0	0	0	0	0	0	0	1	0	0	0	0	0	0	0	0	0	0	0
OTU493	0	0	0	0	0	0	0	0	0	0	0	0	1	0	0	0	0	0	0	0	0	0	0	0
OTU494	0	0	0	0	0	0	0	0	0	0	0	0	1	0	0	0	0	0	0	0	0	0	0	0
OTU495	0	0	0	0	0	0	0	0	0	0	0	0	1	0	0	0	0	0	0	0	1	0	0	0
OTU496	0	0	0	0	0	0	0	0	0	0	0	0	1	0	0	0	0	0	0	0	0	0	0	0
OTU497	0	0	0	0	0	0	0	0	0	0	0	0	1	0	1	0	1	1	0	0	0	0	0	0
OTU498	0	0	0	0	0	0	0	0	0	0	0	0	1	0	0	1	0	0	1	3	0	0	0	0
OTU499	0	0	0	0	0	0	0	0	0	0	0	0	1	0	0	0	0	0	0	0	0	0	0	0
OTU500	0	0	0	0	0	0	0	0	0	0	0	0	1	0	0	0	0	0	0	0	0	0	0	0
OTU501	0	0	0	0	0	0	0	0	0	0	0	0	1	0	0	0	0	0	0	1	0	0	0	0
OTU502	0	0	0	0	0	0	0	0	0	0	0	0	1	0	0	0	0	0	0	0	0	0	0	0
OTU503	0	0	0	0	0	0	0	0	0	0	0	0	2	0	0	0	0	0	0	1	0	0	0	0
OTU504	0	0	0	0	0	0	0	0	0	0	0	0	1	0	0	0	0	0	0	1	0	0	0	0
OTU505	0	0	0	0	0	0	0	0	0	0	0	0	0	1	0	0	0	0	0	0	0	0	0	0
OTU506	0	0	0	0	0	0	0	0	0	0	0	0	0	1	0	0	0	0	0	0	0	0	0	0
OTU507	0	0	0	0	0	0	0	0	0	0	0	0	0	1	1	0	0	0	0	0	0	0	0	0
OTU508	0	0	0	0	0	0	0	0	0	0	0	0	0	1	0	0	0	0	0	0	0	0	0	0
OTU509	0	0	0	0	0	0	0	0	0	0	0	0	0	1	0	0	0	0	0	1	0	0	0	0
OTU510	0	0	0	0	0	0	0	0	0	0	0	0	0	1	0	0	0	0	0	0	0	0	0	0
OTU511	0	0	0	0	0	0	0	0	0	0	0	0	0	1	0	0	0	0	0	0	0	0	0	0
OTU512	0	0	0	0	0	0	0	0	0	0	0	0	0	1	0	0	0	0	0	0	0	0	0	0
OTU513	0	0	0	0	0	0	0	0	0	0	0	0	0	1	0	0	0	0	0	0	0	0	0	0
OTU514	0	0	0	0	0	0	0	0	0	0	0	0	0	1	0	0	0	0	0	0	0	1	0	0
OTU515	0	0	0	0	0	0	0	0	0	0	0	0	0	1	0	0	0	0	0	0	0	0	0	0
OTU516	0	0	0	0	0	0	0	0	0	0	0	0	0	0	1	0	0	0	0	0	0	0	0	0
OTU517	0	0	0	0	0	0	0	0	0	0	0	0	0	0	1	0	0	0	0	0	0	0	0	0
OTU518	0	0	0	0	0	0	0	0	0	0	0	0	0	0	1	0	0	0	0	0	0	0	0	0
OTU519	0	0	0	0	0	0	0	0	0	0	0	0	0	0	1	0	0	0	0	0	0	0	0	0
OTU520	0	0	0	0	0	0	0	0	0	0	0	0	0	0	1	1	0	0	0	0	0	0	0	0
OTU521	0	0	0	0	0	0	0	0	0	0	0	0	0	0	1	0	0	0	0	0	0	0	0	0
OTU522	0	0	0	0	0	0	0	0	0	0	0	0	0	0	1	0	0	0	0	0	0	0	0	0
OTU523	0	0	0	0	0	0	0	0	0	0	0	0	0	0	1	0	0	0	0	0	0	0	0	0
OTU524	0	0	0	0	0	0	0	0	0	0	0	0	0	0	1	0	0	0	0	0	0	0	0	0
OTU525	0	0	0	0	0	0	0	0	0	0	0	0	0	0	1	0	0	0	0	0	0	0	0	0
OTU526	0	0	0	0	0	0	0	0	0	0	0	0	0	0	3	0	0	0	0	0	0	0	0	0
OTU527	0	0	0	0	0	0	0	0	0	0	0	0	0	0	1	1	0	0	0	0	0	0	0	0
OTU528	0	0	0	0	0	0	0	0	0	0	0	0	0	0	1	0	0	0	0	0	0	0	0	0
OTU529	0	0	0	0	0	0	0	0	0	0	0	0	0	0	1	0	0	0	0	0	0	0	0	0
OTU530	0	0	0	0	0	0	0	0	0	0	0	0	0	0	1	0	0	0	0	0	0	0	0	0
OTU531	0	0	0	0	0	0	0	0	0	0	0	0	0	0	1	0	0	0	0	0	0	0	0	0
OTU532	0	0	0	0	0	0	0	0	0	0	0	0	0	0	1	0	0	0	0	0	0	0	0	0
OTU533	0	0	0	0	0	0	0	0	0	0	0	0	0	0	1	0	0	0	1	0	0	0	0	0
OTU534	0	0	0	0	0	0	0	0	0	0	0	0	0	0	1	0	0	0	0	0	0	0	0	0
OTU535	0	0	0	0	0	0	0	0	0	0	0	0	0	0	1	0	0	0	0	0	0	0	0	0
OTU536	0	0	0	0	0	0	0	0	0	0	0	0	0	0	0	1	0	0	0	0	0	0	0	0
OTU537	0	0	0	0	0	0	0	0	0	0	0	0	0	0	0	1	0	0	0	0	0	0	0	0
OTU538	0	0	0	0	0	0	0	0	0	0	0	0	0	0	0	2	0	0	0	0	0	0	0	0
OTU539	0	0	0	0	0	0	0	0	0	0	0	0	0	0	0	1	0	0	0	0	0	0	0	0
OTU540	0	0	0	0	0	0	0	0	0	0	0	0	0	0	0	1	0	0	0	0	0	0	0	0
OTU541	0	0	0	0	0	0	0	0	0	0	0	0	0	0	0	1	0	0	0	0	0	0	0	0
OTU542	0	0	0	0	0	0	0	0	0	0	0	0	0	0	0	1	0	0	0	0	0	0	0	0
OTU543	0	0	0	0	0	0	0	0	0	0	0	0	0	0	0	1	0	1	0	1	0	0	0	0
OTU544	0	0	0	0	0	0	0	0	0	0	0	0	0	0	0	1	0	0	0	0	0	0	0	0
OTU545	0	0	0	0	0	0	0	0	0	0	0	0	0	0	0	1	0	0	0	0	0	0	0	0
OTU546	0	0	0	0	0	0	0	0	0	0	0	0	0	0	0	1	0	0	0	0	0	0	0	0
OTU547	0	0	0	0	0	0	0	0	0	0	0	0	0	0	0	1	0	0	0	0	0	0	0	0
OTU548	0	0	0	0	0	0	0	0	0	0	0	0	0	0	0	1	0	2	0	0	0	0	0	0
OTU549	0	0	0	0	0	0	0	0	0	0	0	0	0	0	0	1	0	0	0	0	0	0	0	0
OTU550	0	0	0	0	0	0	0	0	0	0	0	0	0	0	0	0	1	1	0	0	0	0	0	0
OTU551	0	0	0	0	0	0	0	0	0	0	0	0	0	0	0	0	1	0	0	0	0	0	0	0
OTU552	0	0	0	0	0	0	0	0	0	0	0	0	0	0	0	0	1	0	0	0	0	0	0	0
OTU553	0	0	0	0	0	0	0	0	0	0	0	0	0	0	0	0	1	0	0	0	0	0	0	0
OTU554	0	0	0	0	0	0	0	0	0	0	0	0	0	0	0	0	1	0	0	0	0	0	0	0
OTU555	0	0	0	0	0	0	0	0	0	0	0	0	0	0	0	0	1	0	0	0	0	0	0	0
OTU556	0	0	0	0	0	0	0	0	0	0	0	0	0	0	0	0	1	1	0	0	0	0	0	0
OTU557	0	0	0	0	0	0	0	0	0	0	0	0	0	0	0	0	0	1	0	0	0	0	0	0
OTU558	0	0	0	0	0	0	0	0	0	0	0	0	0	0	0	0	0	1	0	0	0	0	0	0
OTU559	0	0	0	0	0	0	0	0	0	0	0	0	0	0	0	0	0	1	0	0	0	0	0	0
OTU560	0	0	0	0	0	0	0	0	0	0	0	0	0	0	0	0	0	1	0	0	0	0	0	0
OTU561	0	0	0	0	0	0	0	0	0	0	0	0	0	0	0	0	0	2	0	0	0	0	0	0
OTU562	0	0	0	0	0	0	0	0	0	0	0	0	0	0	0	0	0	3	0	0	1	0	0	0
OTU563	0	0	0	0	0	0	0	0	0	0	0	0	0	0	0	0	0	1	0	0	0	3	0	0
OTU564	0	0	0	0	0	0	0	0	0	0	0	0	0	0	0	0	0	1	0	0	0	0	0	0
OTU565	0	0	0	0	0	0	0	0	0	0	0	0	0	0	0	0	0	1	0	0	0	0	0	0
OTU566	0	0	0	0	0	0	0	0	0	0	0	0	0	0	0	0	0	1	0	0	0	0	0	0
OTU567	0	0	0	0	0	0	0	0	0	0	0	0	0	0	0	0	0	1	0	0	0	0	0	0
OTU568	0	0	0	0	0	0	0	0	0	0	0	0	0	0	0	0	0	1	0	0	0	0	0	0
OTU569	0	0	0	0	0	0	0	0	0	0	0	0	0	0	0	0	0	1	0	0	0	0	0	0
OTU570	0	0	0	0	0	0	0	0	0	0	0	0	0	0	0	0	0	1	0	0	1	0	0	0
OTU571	0	0	0	0	0	0	0	0	0	0	0	0	0	0	0	0	0	1	0	0	0	0	0	0
OTU572	0	0	0	0	0	0	0	0	0	0	0	0	0	0	0	0	0	1	0	1	0	0	0	0
OTU573	0	0	0	0	0	0	0	0	0	0	0	0	0	0	0	0	0	1	0	0	0	0	0	0
OTU574	0	0	0	0	0	0	0	0	0	0	0	0	0	0	0	0	0	1	0	0	0	0	0	0
OTU575	0	0	0	0	0	0	0	0	0	0	0	0	0	0	0	0	0	1	0	0	0	0	0	0
OTU576	0	0	0	0	0	0	0	0	0	0	0	0	0	0	0	0	0	1	0	0	0	0	0	0
OTU577	0	0	0	0	0	0	0	0	0	0	0	0	0	0	0	0	0	0	1	0	0	0	0	0
OTU578	0	0	0	0	0	0	0	0	0	0	0	0	0	0	0	0	0	0	1	0	0	0	0	0
OTU579	0	0	0	0	0	0	0	0	0	0	0	0	0	0	0	0	0	0	1	0	0	0	0	0
OTU580	0	0	0	0	0	0	0	0	0	0	0	0	0	0	0	0	0	0	1	0	0	0	0	0
OTU581	0	0	0	0	0	0	0	0	0	0	0	0	0	0	0	0	0	0	1	0	0	0	0	0
OTU582	0	0	0	0	0	0	0	0	0	0	0	0	0	0	0	0	0	0	1	0	0	0	0	0
OTU583	0	0	0	0	0	0	0	0	0	0	0	0	0	0	0	0	0	0	1	0	0	0	0	0
OTU584	0	0	0	0	0	0	0	0	0	0	0	0	0	0	0	0	0	0	1	0	0	0	0	0
OTU585	0	0	0	0	0	0	0	0	0	0	0	0	0	0	0	0	0	0	1	0	0	0	0	0
OTU586	0	0	0	0	0	0	0	0	0	0	0	0	0	0	0	0	0	0	0	1	0	0	0	0
OTU587	0	0	0	0	0	0	0	0	0	0	0	0	0	0	0	0	0	0	0	1	0	0	0	0
OTU588	0	0	0	0	0	0	0	0	0	0	0	0	0	0	0	0	0	0	0	1	1	0	0	0
OTU589	0	0	0	0	0	0	0	0	0	0	0	0	0	0	0	0	0	0	0	1	0	0	0	0
OTU590	0	0	0	0	0	0	0	0	0	0	0	0	0	0	0	0	0	0	0	1	0	0	0	0
OTU591	0	0	0	0	0	0	0	0	0	0	0	0	0	0	0	0	0	0	0	1	0	0	0	0
OTU592	0	0	0	0	0	0	0	0	0	0	0	0	0	0	0	0	0	0	0	1	0	0	0	0
OTU593	0	0	0	0	0	0	0	0	0	0	0	0	0	0	0	0	0	0	0	1	0	0	0	0
OTU594	0	0	0	0	0	0	0	0	0	0	0	0	0	0	0	0	0	0	0	1	0	0	0	0
OTU595	0	0	0	0	0	0	0	0	0	0	0	0	0	0	0	0	0	0	0	1	0	0	0	0
OTU596	0	0	0	0	0	0	0	0	0	0	0	0	0	0	0	0	0	0	0	1	0	1	0	0
OTU597	0	0	0	0	0	0	0	0	0	0	0	0	0	0	0	0	0	0	0	1	0	0	0	0
OTU598	0	0	0	0	0	0	0	0	0	0	0	0	0	0	0	0	0	0	0	1	0	0	0	0
OTU599	0	0	0	0	0	0	0	0	0	0	0	0	0	0	0	0	0	0	0	1	0	0	0	0
OTU600	0	0	0	0	0	0	0	0	0	0	0	0	0	0	0	0	0	0	0	1	0	0	0	0
OTU601	0	0	0	0	0	0	0	0	0	0	0	0	0	0	0	0	0	0	0	1	0	0	0	0
OTU602	0	0	0	0	0	0	0	0	0	0	0	0	0	0	0	0	0	0	0	0	1	0	0	0
OTU603	0	0	0	0	0	0	0	0	0	0	0	0	0	0	0	0	0	0	0	0	1	0	0	0
OTU604	0	0	0	0	0	0	0	0	0	0	0	0	0	0	0	0	0	0	0	0	1	0	0	0
OTU605	0	0	0	0	0	0	0	0	0	0	0	0	0	0	0	0	0	0	0	0	1	0	0	0
OTU606	0	0	0	0	0	0	0	0	0	0	0	0	0	0	0	0	0	0	0	0	2	0	0	0
OTU607	0	0	0	0	0	0	0	0	0	0	0	0	0	0	0	0	0	0	0	0	1	0	0	0
OTU608	0	0	0	0	0	0	0	0	0	0	0	0	0	0	0	0	0	0	0	0	1	0	0	0
OTU609	0	0	0	0	0	0	0	0	0	0	0	0	0	0	0	0	0	0	0	0	1	0	0	0
OTU610	0	0	0	0	0	0	0	0	0	0	0	0	0	0	0	0	0	0	0	0	1	0	0	0
OTU611	0	0	0	0	0	0	0	0	0	0	0	0	0	0	0	0	0	0	0	0	1	0	0	0
OTU612	0	0	0	0	0	0	0	0	0	0	0	0	0	0	0	0	0	0	0	0	1	0	0	0
OTU613	0	0	0	0	0	0	0	0	0	0	0	0	0	0	0	0	0	0	0	0	1	0	0	0
OTU614	0	0	0	0	0	0	0	0	0	0	0	0	0	0	0	0	0	0	0	0	0	1	0	0
OTU615	0	0	0	0	0	0	0	0	0	0	0	0	0	0	0	0	0	0	0	0	0	1	0	0
OTU616	0	0	0	0	0	0	0	0	0	0	0	0	0	0	0	0	0	0	0	0	0	1	0	0
